$MeshFormat
4.1 0 8 MSH4.1, ASCII
$EndMeshFormat
$Nodes
1 163 1 163
2 1 0 163
1
2
3
4
5
6
7
8
9
10
11
12
13
14
15
16
17
18
19
20
21
22
23
24
25
26
27
28
29
30
31
32
33
34
35
36
37
38
39
40
41
42
43
44
45
46
47
48
49
50
51
52
53
54
55
56
57
58
59
60
61
62
63
64
65
66
67
68
69
70
71
72
73
74
75
76
77
78
79
80
81
82
83
84
85
86
87
88
89
90
91
92
93
94
95
96
97
98
99
100
101
102
103
104
105
106
107
108
109
110
111
112
113
114
115
116
117
118
119
120
121
122
123
124
125
126
127
128
129
130
131
132
133
134
135
136
137
138
139
140
141
142
143
144
145
146
147
148
149
150
151
152
153
154
155
156
157
158
159
160
161
162
163
0 0 0
0 0.714286 0
0 1.42857 0
0 2.14286 0
0 2.85714 0
0 3.57143 0
0 4.28571 0
0 5 0
0 5.71429 0
0 6.42857 0
0 7.14286 0
0 7.85714 0
0 8.57143 0
0 9.28571 0
0 10 0
0.714286 0 0
0.964966 1.35184 0
0.748653 2.16009 0
0.822371 3.41192 0
0.806517 4.37965 0
0.683972 6.92233 0
0.83518 7.66508 0
0.705991 8.45846 0
0.88043 9.03856 0
0.714286 10 0
1.42857 0 0
1.19018 0.667969 0
1.38492 4.98303 0
1.11176 6.19916 0
1.38343 7.17511 0
1.42857 10 0
1.64224 1.86335 0
1.75647 2.62301 0
1.53374 4.28422 0
1.65132 5.65943 0
1.90542 6.62818 0
1.50074 7.95844 0
1.71719 9.10127 0
2.14286 0 0
2.0269 1.24381 0
2.39893 2.2114 0
2.15655 3.3563 0
2.43472 4.02189 0
2.49985 5.12606 0
2.47959 5.86857 0
2.03444 8.46215 0
2.44175 9.06799 0
2.14286 10 0
2.85714 0 0
2.50884 0.710454 0
2.83168 2.83614 0
2.65564 6.65002 0
2.51784 7.51977 0
2.85714 10 0
3.41214 1.12706 0
3.08141 1.84887 0
3.29957 3.94714 0
3.03405 4.6325 0
3.03405 5.3675 0
3.29957 6.05286 0
3.05598 8.25889 0
3.08948 9.12872 0
3.57143 0 0
3.96626 2.00722 0
3.53243 2.72562 0
3.79473 3.40397 0
3.79473 6.59603 0
3.66975 7.3993 0
3.98478 8.35593 0
3.98651 9.18219 0
3.57143 10 0
4.28571 0 0
4.27737 1.01082 0
4.45267 3.07635 0
4.45267 6.92365 0
4.36386 7.64068 0
4.28571 10 0
4.88306 1.71725 0
4.52837 9.37177 0
5 0 0
5.15604 0.744149 0
5.01616 2.4315 0
5.18454 3.00853 0
5.18454 6.99147 0
5.00224 8.26349 0
5 10 0
5.71429 0 0
5.90168 0.699595 0
5.56172 1.38946 0
5.81543 2.14989 0
5.89148 3.20967 0
5.89148 6.79033 0
5.5217 7.75284 0
5.5787 8.81047 0
5.71429 10 0
6.42857 0 0
6.38195 2.66531 0
6.47802 3.65261 0
6.47802 6.34739 0
6.26673 7.83915 0
6.32723 9.10658 0
6.42857 10 0
6.50059 0.96248 0
6.56735 1.97185 0
6.86494 4.27752 0
6.86494 5.72248 0
6.55022 7.0304 0
7.14286 0 0
7.24771 0.885636 0
7.31573 2.7199 0
7 5 0
7.32241 7.17689 0
7.12719 7.92603 0
7.33332 9.02524 0
7.14286 10 0
7.85714 0 0
7.79634 1.39272 0
7.90341 2.22495 0
7.88243 3.14604 0
7.59951 3.89946 0
7.80617 4.55124 0
7.96851 5.24746 0
7.75151 6.32978 0
7.87551 8.02951 0
7.85714 10 0
8.48528 3.57628 0
8.42027 6.69914 0
8.02205 7.39611 0
8.2819 8.61231 0
8.03553 9.37409 0
8.57143 0 0
8.61064 0.711822 0
8.78547 2.41827 0
8.58995 4.4493 0
8.60082 5.05867 0
8.63292 5.77291 0
8.95103 7.73352 0
8.57143 10 0
9.28571 0 0
9.05685 1.27633 0
9.17111 3.03148 0
9.35186 3.87783 0
9.45131 4.54393 0
9.30275 5.408 0
9.3356 6.60464 0
9.3601 8.7364 0
9.39456 9.49175 0
9.28571 10 0
10 0 0
10 0.714286 0
10 1.42857 0
10 2.14286 0
10 2.85714 0
10 3.57143 0
10 4.28571 0
10 5 0
10 5.71429 0
10 6.42857 0
10 7.14286 0
10 7.85714 0
10 8.57143 0
10 9.28571 0
10 10 0
$EndNodes
$Elements
1 253 1 253
2 1 2 253
1 1 16 2
2 2 16 27
3 27 16 26
4 27 26 39
5 27 39 50
6 50 39 49
7 50 49 55
8 55 49 63
9 55 63 73
10 73 63 72
11 73 72 81
12 81 72 80
13 81 80 87
14 81 87 88
15 88 87 96
16 88 96 103
17 103 96 108
18 103 108 109
19 109 108 116
20 109 116 132
21 132 116 131
22 132 131 139
23 132 139 140
24 140 139 150
25 150 139 149
26 140 150 151
27 140 151 152
28 140 152 133
29 133 152 141
30 141 152 153
31 141 153 154
32 141 154 142
33 142 154 155
34 142 155 143
35 143 155 156
36 143 156 144
37 144 156 157
38 144 157 145
39 145 157 158
40 145 158 159
41 145 159 137
42 137 159 160
43 137 160 146
44 146 160 161
45 146 161 162
46 146 162 147
47 147 162 163
48 147 163 148
49 147 148 138
50 147 138 130
51 130 138 125
52 130 125 114
53 114 125 115
54 114 115 101
55 101 115 102
56 101 102 95
57 101 95 94
58 94 95 86
59 94 86 79
60 79 86 77
61 79 77 70
62 70 77 71
63 70 71 62
64 62 71 54
65 62 54 47
66 47 54 48
67 47 48 38
68 38 48 31
69 38 31 24
70 24 31 25
71 24 25 14
72 14 25 15
73 24 14 13
74 24 13 23
75 23 13 12
76 23 12 22
77 22 12 11
78 22 11 21
79 21 11 10
80 21 10 29
81 29 10 9
82 29 9 28
83 28 9 8
84 28 8 20
85 20 8 7
86 20 7 6
87 20 6 19
88 19 6 5
89 19 5 18
90 18 5 4
91 18 4 3
92 18 3 17
93 17 3 2
94 17 2 27
95 17 27 40
96 40 27 50
97 40 50 56
98 56 50 55
99 56 55 64
100 64 55 73
101 64 73 78
102 78 73 81
103 78 81 89
104 89 81 88
105 89 88 103
106 89 103 104
107 104 103 109
108 104 109 117
109 117 109 132
110 117 132 140
111 117 140 118
112 118 140 133
113 118 133 119
114 119 133 126
115 126 133 141
116 126 141 142
117 126 142 134
118 134 142 143
119 134 143 135
120 135 143 144
121 135 144 136
122 136 144 145
123 136 145 127
124 127 145 137
125 127 137 128
126 128 137 124
127 124 137 129
128 129 137 146
129 129 146 147
130 129 147 130
131 129 130 114
132 129 114 124
133 124 114 113
134 113 114 101
135 113 101 100
136 100 101 94
137 100 94 93
138 93 94 85
139 85 94 79
140 85 79 69
141 69 79 70
142 69 70 62
143 69 62 61
144 61 62 47
145 61 47 46
146 46 47 38
147 46 38 37
148 37 38 23
149 23 38 24
150 37 23 22
151 37 22 30
152 30 22 21
153 30 21 29
154 30 29 36
155 36 29 35
156 35 29 28
157 35 28 44
158 44 28 34
159 34 28 20
160 34 20 19
161 34 19 42
162 42 19 33
163 33 19 18
164 33 18 32
165 32 18 17
166 32 17 40
167 32 40 41
168 41 40 56
169 41 56 51
170 51 56 65
171 65 56 64
172 65 64 74
173 74 64 82
174 82 64 78
175 82 78 90
176 90 78 89
177 90 89 104
178 90 104 97
179 97 104 110
180 110 104 118
181 118 104 117
182 110 118 119
183 110 119 120
184 120 119 126
185 120 126 134
186 120 134 121
187 121 134 135
188 121 135 122
189 122 135 136
190 122 136 123
191 123 136 127
192 123 127 128
193 123 128 112
194 112 128 124
195 112 124 113
196 112 113 107
197 107 113 100
198 107 100 92
199 92 100 93
200 92 93 84
201 84 93 76
202 76 93 85
203 76 85 69
204 76 69 68
205 68 69 61
206 68 61 53
207 53 61 46
208 53 46 37
209 53 37 30
210 53 30 36
211 53 36 52
212 52 36 45
213 45 36 35
214 45 35 44
215 45 44 59
216 59 44 58
217 58 44 43
218 43 44 34
219 43 34 42
220 43 42 51
221 51 42 33
222 51 33 41
223 41 33 32
224 43 51 57
225 57 51 66
226 66 51 65
227 66 65 74
228 43 57 58
229 45 59 60
230 45 60 52
231 52 60 67
232 52 67 68
233 68 67 75
234 68 75 76
235 76 75 84
236 52 68 53
237 107 92 99
238 107 99 112
239 112 99 123
240 123 99 106
241 123 106 122
242 122 106 111
243 122 111 121
244 121 111 105
245 121 105 120
246 120 105 98
247 120 98 110
248 110 98 97
249 97 98 91
250 97 91 90
251 90 91 83
252 90 83 82
253 82 83 74
$EndElements